Stanum,Lat,Lon,Rain,Mean,Var
50136,5258,12231,-62.94,1.19,10.35
50246,5221,12443,-100.0,0.0,0.0
50247,5202,12334,-100.0,0.0,0.0
50349,5140,12424,-100.0,0.0,0.0
50353,5144,12638,-51.11,1.62,28.26
50425,5015,12011,-2.07,2.81,99.27
50434,5029,12141,-8.86,2.98,82.17
50442,5024,12407,-100.0,0.0,0.0
50468,5015,12728,-53.77,1.78,23.35
50514,4935,11719,72.9,3.81,195.2
50527,4915,11942,-49.74,1.33,9.56
50548,4912,12343,-6.68,3.36,28.41
50557,4909,12514,7.73,3.9,74.22
50564,4925,12720,-48.26,2.02,17.53
50603,4841,11649,49.79,3.2,66.12
50618,4813,11816,-22.48,1.69,5.03
50639,4800,12244,-15.01,3.35,38.57
50656,4816,12630,-11.24,3.29,51.42
50658,4805,12547,-21.51,2.88,61.03
50727,4710,11956,88.92,5.5,73.96
50739,4718,12315,7.33,3.85,53.65
50742,4748,12429,-18.54,2.59,38.96
50745,4723,12355,26.11,3.84,60.17
50756,4727,12652,17.73,4.99,100.37
50758,4709,12554,16.45,4.22,66.87
50774,4742,12850,3.26,5.04,141.67
50788,4714,13160,3.54,3.82,66.25
50834,4636,12113,37.58,4.4,190.75
50844,4624,12327,103.96,5.55,121.8
50853,4637,12658,18.96,4.73,95.11
50854,4623,12519,84.54,5.8,144.11
50862,4659,12759,12.51,5.18,130.59
50873,4647,13018,53.02,6.27,98.78
50877,4618,12935,40.69,5.89,98.22
50888,4623,13210,103.81,7.75,279.74
50915,4531,11658,233.29,6.2,175.54
50936,4538,12250,50.75,3.87,63.24
50945,4530,12414,28.82,4.08,87.65
50948,4500,12401,-41.11,1.84,14.14
50949,4505,12452,60.75,4.76,96.52
50950,4542,12515,18.66,3.95,43.12
50953,4556,12634,65.17,6.17,204.8
50963,4558,12844,36.56,5.77,80.29
50968,4513,12758,30.37,6.03,149.9
50973,4545,13036,76.33,6.28,330.9
50978,4518,13055,51.57,5.82,195.91
50983,4546,13253,-7.52,3.45,85.34
51053,4803,8624,-50.91,0.26,0.32
51060,4742,8652,-75.73,0.11,0.08
51068,4707,8729,-2.33,0.5,1.29
51076,4744,8805,-25.18,0.42,1.86
51087,4701,8930,-31.8,0.37,1.28
51133,4644,8300,67.18,0.97,12.33
51156,4649,8545,114.19,1.63,12.79
51232,4511,8233,21.4,0.53,1.96
51238,4454,8204,-14.98,0.55,3.26
51241,4556,8336,-34.15,0.64,2.15
51243,4537,8451,-8.49,0.47,1.08
51334,4434,8249,-37.0,0.24,0.33
51367,4410,8651,-10.09,0.47,1.98
51469,4327,8711,-100.0,0.0,0.0
51470,4353,8807,-7.01,2.21,20.66
51477,4321,8819,-19.38,0.35,1.09
51526,4214,8813,-5.26,0.29,0.79
51542,4302,8409,54.01,2.71,27.57
51567,4203,8636,-34.97,0.26,0.3
51573,4257,8914,-8.67,0.05,0.07
51628,4107,8023,-45.38,0.24,0.74
51639,4115,8246,-97.0,0.01,0.0
51656,4144,8549,-74.37,0.07,0.06
51704,3944,7613,-73.54,0.13,0.34
51705,3943,7515,-79.95,0.22,0.29
51709,3929,7545,-90.96,0.03,0.01
51720,4030,7903,-90.19,0.07,0.09
51730,4033,8116,-79.55,0.07,0.1
51747,3900,8340,-100.0,0.0,0.0
51765,4038,8742,-84.34,0.03,0.02
51810,3855,7738,-74.58,0.07,0.14
51811,3826,7716,-75.51,0.07,0.05
51818,3737,7817,-100.0,0.0,0.0
51828,3708,7956,-81.75,0.03,0.02
51839,3704,8234,-100.0,0.0,0.0
51855,3809,8533,-100.0,0.0,0.0
51931,3651,8139,-100.0,0.0,0.0
52101,4336,9303,29.59,1.52,20.25
52112,4345,9459,-79.51,0.02,0.0
52118,4316,9442,-45.76,0.27,0.47
52203,4249,9331,-63.66,0.06,0.04
52313,4132,9440,-94.45,0.01,0.0
52323,4148,9702,8.58,0.49,3.12
52533,3946,9829,-68.87,0.17,0.42
52546,3922,9950,-31.39,0.49,2.51
52602,3845,9320,-97.32,0.0,0.0
52652,3905,10017,45.84,1.27,17.42
52674,3813,10156,-52.7,0.69,4.8
52679,3753,10252,-51.89,0.61,3.94
52681,3838,10305,-21.18,0.73,4.89
52707,3648,9341,-85.38,0.03,0.01
52787,3712,10252,-5.97,2.74,19.86
52797,3711,10403,22.82,1.75,35.29
52818,3625,9454,68.36,0.45,4.03
52825,3626,9626,26.19,0.32,1.02
52836,3618,9806,10.62,1.03,12.43
52856,3616,10037,-7.78,2.1,15.21
52866,3640,10144,34.33,3.71,125.25
52868,3601,10122,29.74,2.38,72.62
52876,3620,10250,46.97,3.75,53.44
52884,3621,10357,67.9,2.93,56.62
52895,3634,10441,82.7,3.09,65.53
52908,3513,9305,-25.04,1.56,25.89
52943,3535,9960,-30.57,1.65,12.17
52955,3535,10044,12.48,3.21,33.23
52974,3533,10202,26.16,3.34,47.38
52983,3552,10409,59.53,4.29,85.63
52984,3535,10311,61.23,5.73,250.86
52986,3522,10352,34.0,4.56,99.37
52996,3523,10500,-8.24,2.79,51.67
53068,4338,11156,-13.03,0.97,5.14
53083,4437,11409,15.55,2.1,14.1
53149,4232,11008,-49.27,0.68,1.6
53192,4401,11500,43.9,2.56,17.18
53231,4124,10624,-100.0,0.0,0.0
53336,4134,10831,12.27,2.07,20.44
53352,4142,11026,36.44,2.9,31.27
53362,4133,11139,45.95,3.61,42.77
53391,4154,11400,165.12,5.65,98.12
53399,4109,11442,41.35,3.96,43.88
53446,4032,10953,57.06,4.24,82.96
53463,4051,11134,81.49,6.17,149.92
53478,4000,11228,27.95,4.47,52.5
53480,4102,11304,132.98,6.52,182.11
53487,4005,11325,48.19,4.12,88.04
53490,4026,11404,52.81,4.49,89.69
53513,4044,10722,9.02,1.43,31.96
53519,3912,10646,-36.75,0.92,4.92
53529,3905,10758,-53.64,1.15,7.44
53543,3949,11001,20.28,4.07,50.84
53564,3922,11113,92.5,6.39,155.02
53578,3922,11226,40.72,4.63,72.31
53588,3856,11331,51.26,8.18,191.21
53593,3950,11434,23.44,3.32,42.74
53594,3927,11413,73.5,5.67,154.81
53612,3759,10611,106.51,2.95,122.37
53614,3828,10612,44.11,2.15,37.47
53615,3848,10642,-22.64,1.09,11.48
53646,3816,10947,93.16,7.02,153.29
53651,3849,11028,138.04,8.55,320.49
53663,3856,11149,70.91,6.2,115.29
53664,3828,11108,15.85,4.57,46.88
53673,3844,11243,56.17,5.54,142.76
53687,3747,11338,-100.0,0.0,0.0
53704,3732,10511,34.49,2.05,40.4
53705,3729,10541,169.5,4.4,229.96
53723,3748,10715,43.51,3.35,95.76
53725,3735,10735,35.27,3.41,101.26
53735,3737,10848,-100.0,0.0,0.0
53738,3655,10810,-12.99,2.93,65.89
53740,3756,10914,78.52,5.11,134.69
53754,3730,11013,-52.81,1.5,15.64
53764,3730,11107,-37.02,2.34,28.7
53772,3737,11235,-16.38,2.63,30.25
53775,3725,11236,-30.85,2.05,23.05
53787,3704,11259,-34.29,2.48,67.78
53798,3711,11422,-42.76,2.45,55.82
53806,3634,10539,95.05,5.8,215.37
53810,3658,10554,69.85,3.33,70.58
53817,3602,10614,41.72,4.85,123.13
53821,3634,10718,18.23,3.65,74.52
53853,3642,11057,5.74,3.63,138.74
53854,3635,11004,29.91,4.32,101.48
53859,3605,11040,-13.02,2.83,50.25
53863,3704,11157,-11.81,2.81,54.47
53868,3604,11130,18.43,3.35,49.32
53877,3608,11215,-54.03,1.56,14.02
53882,3604,11302,-100.0,0.0,0.0
53884,3630,11302,-38.95,2.03,19.17
53898,3603,11408,-11.55,3.69,47.73
53903,3558,10543,63.57,4.76,155.26
53910,3540,10612,-100.0,0.0,0.0
53915,3532,10640,11.31,3.75,113.07
53923,3544,10738,4.58,3.55,66.97
53929,3512,10748,5.84,3.69,123.93
53942,3547,10922,-4.32,3.46,43.52
53948,3453,10938,-45.62,1.58,28.07
53959,3507,11104,-34.36,1.78,28.9
53963,3539,11122,23.0,3.5,83.88
53968,3517,11140,-13.37,3.09,51.64
53975,3529,11225,-18.82,2.9,73.98
53986,3519,11355,120.32,8.74,318.24
54012,4434,11738,45.3,3.23,75.91
54026,4434,12054,66.26,4.63,102.09
54027,4357,11919,36.34,3.56,64.51
54041,4448,12304,98.71,5.2,145.26
54049,4415,12358,32.29,4.2,52.31
54063,4458,12600,64.47,5.9,143.59
54064,4423,12509,42.8,4.91,138.85
54094,4430,12940,87.1,7.19,245.73
54096,4424,13111,7.75,4.33,140.8
54102,4357,11607,64.12,3.28,55.78
54115,4338,11802,9.43,3.01,38.07
54134,4336,12117,131.7,5.29,185.63
54135,4336,12216,71.09,4.76,114.47
54142,4331,12327,37.2,4.62,123.0
54157,4307,12423,125.98,10.71,471.19
54161,4354,12513,9.14,4.61,42.75
54165,4333,12538,41.72,6.6,104.92
54171,4342,12631,-100.0,0.0,0.0
54181,4342,12720,47.32,7.16,154.63
54186,4322,12812,52.08,6.84,104.93
54195,4318,12947,61.97,6.52,139.01
54208,4212,11628,47.26,3.98,49.43
54213,4256,11901,130.74,5.55,153.02
54218,4218,11850,73.48,4.3,41.26
54226,4220,12042,85.26,4.99,178.55
54236,4223,12233,91.73,7.05,217.81
54243,4247,12406,151.39,12.15,464.16
54254,4232,12403,106.29,11.15,337.69
54259,4204,12452,164.03,15.77,639.93
54260,4255,12505,117.33,11.42,563.46
54263,4258,12605,58.13,8.04,238.97
54266,4232,12538,120.19,11.33,300.26
54273,4259,12645,61.61,8.51,181.74
54276,4224,12648,55.76,8.25,197.52
54284,4209,12730,59.46,8.37,154.18
54285,4224,12807,22.45,5.64,77.81
54286,4232,12900,8.74,4.5,52.74
54292,4252,12930,13.79,4.6,85.31
54308,4112,11638,130.64,7.68,330.52
54311,4158,11746,17.42,3.63,32.02
54324,4133,12026,48.71,5.03,193.92
54326,4125,11937,67.19,5.05,150.81
54333,4158,12251,216.56,13.54,754.94
54339,4105,12260,10.72,6.03,103.29
54342,4144,12331,94.03,10.06,591.16
54346,4118,12347,65.2,9.52,370.08
54351,4155,12404,49.42,8.81,364.72
54353,4143,12502,92.91,10.98,528.37
54363,4141,12554,94.03,12.8,480.9
54374,4148,12653,122.11,12.5,365.68
54377,4109,12613,95.81,13.61,353.37
54386,4125,12811,24.22,5.45,52.69
54401,4046,11455,7.14,3.23,52.88
54405,4025,11530,118.61,6.23,228.74
54406,4027,11558,197.19,9.75,736.56
54416,4023,11652,123.73,12.6,781.95
54423,4058,11755,56.46,5.96,140.85
54429,4012,11757,100.35,11.93,917.93
54436,4025,11857,150.71,14.06,1934.83
54449,3951,11931,94.81,10.77,533.21
54452,4048,11948,38.9,5.72,209.93
54454,4020,12018,-38.19,3.32,60.2
54455,4037,12039,39.51,6.38,308.15
54470,4101,12203,23.26,6.24,158.76
54471,4040,12210,64.73,8.28,271.55
54476,4011,12209,41.0,7.2,104.64
54486,4020,12317,121.83,16.16,650.69
54493,4043,12447,120.57,20.15,1023.64
54497,4002,12420,25.15,9.32,235.77
54511,3948,11628,142.99,11.53,725.11
54518,3910,11624,123.5,9.14,679.34
54525,3944,11717,126.55,10.83,452.66
54527,3905,11703,93.43,8.72,396.24
54534,3939,11806,84.08,9.75,575.37
54539,3926,11853,66.66,8.48,302.88
54563,3938,12201,-22.13,4.37,77.13
54579,3916,12235,-12.61,4.31,99.55
54584,3943,12257,91.09,11.89,410.33
54602,3844,11529,120.57,9.88,441.74
54606,3813,11545,-1.26,4.05,113.71
54618,3805,11633,38.01,5.77,161.22
54623,3903,11743,109.36,10.78,524.91
54624,3824,11719,149.54,12.25,1098.01
54662,3854,12138,-11.12,4.55,76.33
54705,3722,11523,47.32,5.24,237.93
54715,3719,11631,173.73,12.08,418.56
54725,3730,11732,83.76,8.4,149.93
54727,3639,11731,15.89,5.57,88.35
54744,3735,11833,-100.0,0.0,0.0
54751,3756,12044,26.49,5.62,149.55
54753,3738,12020,15.0,5.25,62.44
54764,3729,12114,-100.0,0.0,0.0
54776,3724,12242,-10.64,4.28,35.59
54808,3613,11538,15.5,4.62,110.08
54823,3636,11700,9.0,6.27,177.28
54826,3615,11706,124.91,17.48,1457.61
54836,3611,11810,177.0,14.84,735.87
54842,3647,12000,98.36,10.83,195.45
54843,3645,11912,116.11,9.93,254.83
54857,3604,12020,93.83,10.02,303.81
54863,3647,12111,227.49,19.7,1374.61
54909,3505,11531,83.31,7.34,194.31
54916,3534,11651,139.96,11.8,430.82
54929,3516,11758,-3.56,6.06,150.89
54936,3534,11850,81.33,10.87,337.32
54945,3528,11933,167.23,14.71,817.04
55228,3230,8005,-14.23,0.7,4.01
55248,3209,8425,-100.0,0.0,0.0
55299,3129,9204,95.52,6.18,54.1
55437,3017,8115,-100.0,0.0,0.0
55493,3029,9106,36.5,4.94,51.32
55569,2905,8736,-100.0,0.0,0.0
55598,2916,9146,16.55,4.06,37.46
55655,2811,8558,-100.0,0.0,0.0
55664,2838,8705,42.43,4.88,50.15
55680,2855,8936,53.71,4.31,28.66
56004,3413,9226,-62.41,0.79,2.99
56018,3253,9517,2.39,3.22,16.3
56021,3408,9549,-6.09,2.22,21.98
56029,3300,9658,15.08,3.26,18.79
56033,3455,9813,-3.44,1.95,12.6
56034,3348,9708,-18.84,2.29,12.24
56038,3259,9806,54.92,4.88,32.46
56043,3429,10014,-14.16,2.85,29.34
56046,3345,9939,-37.23,1.92,14.46
56065,3444,10136,-24.0,2.62,17.89
56067,3326,10129,14.64,4.56,55.22
56074,3400,10205,-100.0,0.0,0.0
56079,3335,10258,24.93,4.46,36.94
56080,3459,10254,56.65,5.05,132.76
56093,3426,10401,-15.3,2.78,26.46
56096,3324,10455,-38.63,1.59,12.02
56116,3125,9536,28.97,4.76,34.77
56125,3212,9628,35.64,4.44,49.39
56137,3109,9710,25.37,3.98,22.81
56144,3148,9835,8.3,3.98,46.49
56146,3137,10000,-14.09,2.64,12.14
56151,3256,10045,-100.0,0.0,0.0
56152,3217,10020,-8.43,3.23,24.26
56167,3058,10107,-17.89,2.61,14.72
56172,3154,10214,-5.01,3.24,33.13
56173,3248,10233,30.01,4.58,66.43
56178,3060,10221,6.15,2.51,16.4
56182,3240,10336,3.68,2.87,21.08
56187,3045,10352,-20.3,5.64,166.78
56188,3060,10340,-16.21,7.33,161.5
56223,3046,9548,-100.0,0.0,0.0
56227,2952,9546,-47.29,1.38,7.04
56247,3000,9906,36.96,4.65,49.02
56251,3056,10019,-25.79,2.69,13.33
56257,3000,10016,24.87,6.15,65.02
56312,2940,9420,-27.36,2.73,23.48
56331,2940,9750,-100.0,0.0,0.0
56357,2903,10018,16.53,5.88,76.44
56374,3003,10158,33.19,4.6,33.62
56385,2931,10320,22.9,16.88,1017.84
56386,2934,10345,9.37,10.57,770.35
56434,2840,9728,-100.0,0.0,0.0
56444,2829,9854,23.83,4.52,50.53
56459,2756,10117,64.93,9.61,98.57
56462,2900,10130,11.47,5.16,37.13
56475,2839,10231,70.83,11.15,330.89
56479,2800,10251,6.22,5.49,78.1
56485,2816,10335,6.71,5.74,199.09
56492,2846,10436,10.83,7.24,310.17
56533,2745,9840,-30.81,3.6,35.51
56543,2751,9945,-12.02,4.27,19.26
56548,2711,9917,11.54,5.95,87.85
56565,2726,10129,20.43,6.37,128.0
56571,2754,10216,2.23,5.87,120.35
56586,2721,10343,22.18,4.79,51.28
56643,2552,9851,-100.0,0.0,0.0
56651,2651,10013,-7.3,6.4,69.18
56664,2638,10116,26.92,10.4,332.18
56666,2635,10143,-100.0,0.0,0.0
56671,2639,10215,-32.69,4.55,113.62
56684,2624,10315,39.3,6.74,178.95
56691,2652,10417,-6.67,4.45,51.93
56739,2459,9830,-24.7,6.32,46.78
56748,2507,9911,-38.4,3.67,44.63
56751,2542,10011,-29.97,4.97,86.25
56778,2500,10239,7.08,6.95,158.57
56792,2547,10458,70.79,12.25,424.25
56793,2545,10432,39.5,9.58,196.3
56856,2426,10052,-26.55,5.01,100.6
56875,2420,10233,80.34,10.15,348.35
56886,2432,10346,-5.66,4.81,50.87
56946,2332,9923,-53.24,3.48,31.51
56951,2353,10007,-25.21,5.48,87.25
56954,2234,9956,-28.96,6.95,120.92
56964,2247,10058,-38.38,6.07,57.92
56966,2338,10158,-17.59,3.53,66.03
56969,2128,10135,-22.91,7.77,127.27
56977,2236,10151,-6.54,12.47,253.96
56991,2336,10420,41.65,8.45,495.46
57003,3454,10650,33.65,4.75,117.01
57014,3434,10552,-47.4,1.46,7.36
57025,3431,10723,-5.35,3.33,99.27
57028,3404,10719,-50.8,2.04,30.31
57030,3442,10809,29.43,4.12,107.01
57034,3419,10814,-3.23,3.17,85.67
57037,3456,10858,-55.27,1.25,19.25
57046,3429,11005,50.85,5.98,299.16
57048,3424,10843,-12.44,2.18,49.19
57051,3443,11115,-2.46,2.76,104.55
57052,3453,11027,-100.0,0.0,0.0
57071,3448,11228,26.06,3.99,99.97
57083,3442,11340,47.3,6.08,221.81
57089,3404,11356,26.53,5.45,146.59
57091,3448,11418,80.7,7.19,388.35
57106,3319,10609,30.15,5.45,146.15
57124,3337,10655,-19.95,4.12,88.11
57127,3304,10702,0.13,3.98,90.86
57131,3426,10858,-100.0,0.0,0.0
57134,3331,10759,2.63,5.26,142.42
57143,3351,10958,41.19,4.73,233.17
57144,3326,10909,33.35,5.42,178.92
57154,3332,11054,-9.46,4.25,105.78
57156,3319,11129,115.54,10.51,630.12
57178,3306,11229,-24.06,3.15,66.3
57181,3352,11302,12.91,4.6,147.97
57193,3347,11431,-24.92,3.12,65.97
57206,3225,10554,-9.35,4.88,102.94
57211,3250,10615,0.6,5.34,154.86
57232,3303,10816,30.43,5.65,333.48
57237,3204,10802,-21.52,4.8,163.73
57238,3231,10754,2.36,5.86,416.2
57245,3242,10903,-4.66,3.76,109.58
57251,3300,11024,13.36,4.37,139.47
57256,3239,11047,-100.0,0.0,0.0
57259,3202,11046,100.92,8.85,443.69
57265,3226,11144,-9.65,3.73,77.77
57278,3200,11205,29.2,5.5,225.38
57279,3208,11245,63.92,6.74,285.28
57285,3221,11324,26.19,7.11,230.43
57290,3256,11355,-67.21,1.65,13.31
57297,3208,11403,26.18,6.33,332.96
57306,3135,10559,-50.12,2.75,38.29
57313,3153,10647,-36.42,3.27,70.49
57328,3112,10730,-24.59,3.9,228.27
57343,3154,10932,-26.0,3.52,126.49
57348,3102,10929,-31.86,2.72,61.6
57355,3103,11021,-48.68,2.27,16.38
57359,3121,11044,-52.56,2.21,26.09
57378,3112,11238,-48.15,2.15,30.9
57381,3137,11320,-14.93,3.54,77.85
57395,3135,11410,-18.47,3.33,81.84
57399,3108,11457,-83.13,0.69,9.36
57405,3030,10533,0.31,4.9,117.54
57411,3045,10608,39.14,6.44,566.64
57432,3046,10824,-3.14,4.64,147.78
57439,3017,10856,25.88,6.39,269.52
57445,3036,10943,26.51,7.32,192.35
57447,3017,10928,6.59,5.57,87.26
57458,3009,11104,104.31,11.99,618.12
57461,3044,11122,-8.61,5.21,134.47
57476,3021,11209,95.62,7.47,867.81
57482,3054,11357,-85.24,0.54,7.11
57483,3040,11308,-32.97,2.34,59.91
57494,3036,11403,-71.61,1.1,15.52
57502,2943,10542,62.54,8.37,332.43
57503,2937,10507,-100.0,0.0,0.0
57512,2958,10616,82.98,7.89,1216.86
57516,2935,10628,-6.1,3.92,120.04
57517,2917,10615,44.09,5.83,229.04
57520,2950,10704,54.67,6.35,359.6
57523,2954,10746,37.11,4.99,161.32
57536,2931,10846,3.2,4.67,87.91
57545,2932,10925,-29.71,3.45,54.89
57554,2924,11010,3.42,4.94,79.92
57562,2935,11122,-13.54,4.31,112.7
57573,2953,11254,-66.21,1.21,26.52
57574,2921,11226,-90.42,0.37,1.92
57581,2949,11327,-84.36,0.62,3.8
57583,2955,11358,-89.57,0.39,2.74
57584,2923,11305,-96.94,0.11,0.32
57598,2902,11435,-57.15,1.64,8.57
57606,2808,10650,112.8,9.39,268.03
57608,2810,10526,-30.67,3.67,104.75
57612,2900,10639,44.94,6.17,299.07
57625,2832,10727,-1.58,3.95,46.3
57633,2849,10846,-1.17,4.76,97.08
57642,2841,10939,-4.08,4.53,47.9
57647,2810,10912,24.41,5.58,70.53
57649,2814,10941,-40.19,2.66,23.46
57655,2828,11024,-71.39,1.07,3.98
57662,2907,11141,-91.31,0.35,0.81
57669,2823,11113,-47.68,2.84,57.17
57671,2851,11222,-81.07,0.75,5.82
57673,2844,11256,-59.91,1.66,37.62
57679,2813,11312,-61.28,1.39,41.22
57682,2843,11334,-65.28,1.46,9.97
57687,2807,11247,-100.0,0.0,0.0
57696,2823,11446,-27.33,3.21,41.57
57707,2718,10517,-20.43,3.79,42.29
57710,2748,10624,90.02,8.05,210.43
57718,2706,10643,73.33,6.88,222.61
57722,2747,10730,-5.56,3.7,47.41
57729,2714,10753,65.32,6.57,158.84
57731,2756,10815,51.17,5.74,293.02
57741,2744,10911,-31.47,3.0,48.92
57745,2727,10941,-21.64,2.87,73.75
57752,2755,11036,-79.52,0.67,2.55
57761,2745,11118,-78.58,0.96,5.92
57774,2727,11210,-52.22,1.69,30.59
57776,2718,11242,6.68,7.15,536.76
57779,2703,11321,51.84,5.63,167.78
57780,2752,11310,-58.56,1.58,35.77
57789,2708,11357,0.13,4.52,161.31
57793,2747,11422,-40.85,2.36,43.66
57799,2703,11455,-28.63,2.83,64.02
57803,2701,10601,48.3,5.87,72.4
57805,2641,10546,43.93,8.35,173.2
57806,2615,10554,81.83,10.18,171.56
57816,2635,10644,95.15,8.11,157.71
57825,2636,10759,51.89,6.3,148.35
57827,2619,10731,80.76,9.52,312.31
57832,2658,10840,40.58,5.99,133.99
57839,2614,10908,40.25,5.6,102.08
57840,2654,10912,-20.72,3.28,67.99
57845,2610,10947,32.76,5.46,198.35
57866,2614,11137,-5.54,4.22,378.37
57872,2653,11236,-54.6,1.66,20.13
57874,2625,11224,11.37,4.61,211.47
57889,2605,11357,-34.97,4.78,60.07
57894,2635,11410,0.94,8.53,117.29
57896,2620,11431,-26.73,3.72,56.44
57902,2526,10511,29.94,8.11,126.52
57906,2511,10605,120.26,12.55,461.94
57907,2505,10454,30.14,9.29,200.6
57910,2546,10605,88.55,10.32,331.26
57912,2609,10639,42.42,6.48,126.28
57916,2526,10646,34.03,6.16,129.18
57922,2550,10733,49.43,7.15,185.58
57926,2525,10753,50.88,9.21,195.86
57932,2556,10831,-22.53,3.38,40.88
57947,2514,10924,5.83,6.21,181.68
57957,2519,11018,-40.18,3.0,58.32
57965,2532,11136,-40.59,2.53,99.29
57972,2544,11258,-60.1,2.05,15.12
57974,2535,11222,-46.91,2.45,43.27
57993,2552,11501,-18.49,3.6,127.57
57996,2505,11415,44.1,6.5,177.19
58005,3426,11532,32.66,6.46,181.81
58015,3427,11620,51.45,7.26,346.09
58026,3424,11801,43.22,7.42,299.06
58027,3417,11710,-29.02,3.26,83.56
58038,3405,11847,-0.34,5.82,251.85
58040,3451,11908,86.25,12.25,474.16
58047,3415,11914,90.91,11.43,664.3
58102,3347,11544,70.61,7.56,274.9
58111,3351,11625,4.84,4.65,131.42
58118,3316,11631,43.6,5.53,123.35
58122,3338,11705,-21.7,3.39,37.14
58130,3356,11757,-24.07,3.75,112.18
58135,3329,11813,48.86,7.1,198.95
58138,3257,11830,12.6,6.08,212.77
58141,3338,11856,-100.0,0.0,0.0
58143,3348,11951,101.7,12.16,1092.84
58150,3345,12018,122.04,13.07,815.89
58158,3310,12027,122.23,13.1,1485.79
58203,3252,11544,-54.82,1.77,23.87
58208,3210,11537,-58.01,1.76,25.73
58215,3226,11647,-55.56,1.71,17.39
58221,3251,11718,65.87,7.96,536.99
58225,3232,11740,132.7,10.27,801.35
58236,3221,11815,13.34,5.42,126.73
58238,3156,11854,-58.06,1.89,13.5
58241,3245,11929,90.22,9.65,330.56
58251,3251,12017,99.32,10.76,718.41
58255,3223,12037,-9.88,4.36,147.9
58259,3205,12059,-61.66,1.77,36.26
58265,3206,12133,-82.35,0.8,4.35
58311,3144,11630,-4.91,4.36,120.06
58314,3124,11619,-27.37,4.72,233.01
58319,3104,11657,-41.72,2.9,74.19
58321,3157,11703,-88.36,0.46,1.63
58326,3135,11750,-45.95,2.35,78.74
58336,3142,11834,-40.03,2.65,42.49
58338,3107,11836,-100.0,0.0,0.0
58345,3126,11930,-40.12,2.59,47.49
58354,3137,12021,53.41,7.03,226.88
58356,3124,12100,-64.04,1.75,23.56
58358,3105,12026,-41.72,2.55,37.74
58362,3123,12127,-69.25,1.65,32.34
58402,3044,11540,-84.24,0.81,5.25
58429,3059,11751,-81.85,0.78,7.57
58436,3037,11859,-73.07,1.44,5.59
58437,3008,11809,-53.65,4.31,43.78
58448,3013,11942,-100.0,0.0,0.0
58450,3052,12003,-59.11,1.92,15.1
58457,3014,12010,-49.51,2.67,105.11
58464,3039,12107,-91.63,0.42,1.47
58467,3012,12118,-81.43,0.97,8.95
58472,3044,12227,-77.27,0.77,11.77
58477,3002,12206,-75.89,1.29,9.18
58500,2954,11513,-45.58,2.37,42.95
58506,2934,11559,-24.79,6.14,172.78
58507,2915,11507,-40.05,2.33,38.71
58519,2900,11640,-51.05,1.8,38.32
58520,2952,11742,-30.61,3.13,46.73
58527,2918,11712,-13.18,3.75,67.75
58531,2943,11817,-83.0,0.66,2.85
58543,2937,11901,-20.55,2.77,83.42
58549,2907,11939,-46.96,1.87,15.97
58553,3003,12049,-100.0,0.0,0.0
58556,2936,12049,1.52,4.98,126.08
58557,2920,12005,-81.86,0.68,4.85
58562,2948,12130,-75.11,1.4,9.73
58569,2912,12157,-68.84,1.53,16.8
58600,2851,11522,-55.29,2.03,23.17
58606,2835,11554,-50.57,1.79,32.2
58608,2759,11533,-56.39,1.56,18.24
58622,2857,11735,-19.62,3.54,73.1
58626,2819,11714,-9.37,3.85,59.38
58634,2841,11815,-30.73,2.37,28.61
58637,2827,11759,-0.65,3.35,61.43
58646,2828,11956,-4.09,4.46,56.1
58652,2852,12043,-52.54,2.88,36.46
58665,2837,12125,-33.98,4.66,142.26
58666,2827,12154,-57.07,1.89,13.22
58667,2805,12116,-36.36,3.42,56.61
58705,2720,11525,-28.06,3.4,52.53
58715,2735,11639,-10.51,3.4,50.78
58718,2713,11632,6.01,4.19,73.49
58725,2720,11728,-15.97,3.83,30.61
58730,2746,11802,-35.68,2.7,30.0
58731,2755,11832,1.49,3.99,79.04
58734,2720,11807,-1.06,3.57,95.95
58737,2703,11819,68.76,6.84,192.9
58742,2806,11934,-35.65,3.23,34.98
58744,2727,11930,14.34,9.86,164.95
58752,2747,12039,5.91,7.37,186.9
58754,2720,12012,2.32,8.65,211.43
58806,2629,11601,-24.83,3.56,64.22
58813,2650,11618,-57.99,1.65,13.6
58818,2614,11638,-25.04,3.72,55.51
58820,2654,11710,-12.04,3.93,51.2
58837,2609,11809,98.87,10.8,618.91
58843,2653,12001,9.07,6.27,206.4
58846,2640,11931,17.62,11.32,426.71
58847,2605,11917,26.77,7.54,186.4
58911,2551,11622,-47.96,2.84,27.04
58918,2503,11625,0.09,6.44,131.91
58926,2518,11725,-2.14,5.43,110.11
58927,2503,11701,33.26,8.72,152.63
58931,2543,11806,10.79,9.17,111.94
58944,2531,11947,-23.38,3.35,134.82
59007,2403,10503,49.79,8.7,183.7
59021,2433,10702,93.8,14.13,594.77
59023,2442,10802,47.71,9.88,382.61
59037,2356,10806,152.43,19.56,1362.17
59046,2422,10928,60.33,8.9,457.4
59058,2412,11031,84.61,11.76,515.87
59065,2425,11130,0.96,5.43,124.95
59072,2449,11222,-15.39,4.04,54.48
59082,2440,11336,84.63,7.99,281.23
59087,2353,11331,55.83,11.56,435.22
59088,2411,11325,50.78,9.03,238.5
59092,2452,11448,-7.42,4.77,118.19
59096,2423,11430,56.52,9.67,153.77
59097,2402,11413,30.56,9.41,223.47
59102,2457,11539,20.13,6.8,177.19
59107,2407,11517,-26.18,4.55,46.89
59113,2444,11643,41.83,8.72,180.06
59116,2421,11642,38.06,8.79,421.08
59117,2417,11604,98.93,12.51,989.22
59133,2454,11855,-63.22,1.48,18.76
59134,2429,11804,-21.6,4.74,82.18
59209,2325,10549,45.03,12.4,344.79
59211,2354,10636,-6.29,5.5,119.84
59218,2306,10627,49.25,14.31,582.35
59228,2317,10734,38.23,9.51,514.46
59242,2346,10909,99.3,11.22,388.22
59265,2329,11118,117.91,13.15,356.03
59271,2338,11225,32.35,9.75,220.41
59278,2259,11229,24.91,9.3,353.27
59280,2343,11305,123.39,18.46,577.22
59287,2313,11329,25.63,10.0,330.63
59289,2258,11344,40.48,11.33,322.78
59293,2348,11444,3.66,7.43,135.46
59294,2320,11350,35.71,11.11,454.04
59298,2304,11422,15.58,10.13,314.11
59303,2355,11545,47.62,8.74,324.53
59304,2338,11511,10.46,8.12,87.21
59306,2327,11551,-100.0,0.0,0.0
59316,2323,11641,42.01,11.33,275.71
59317,2259,11618,61.28,15.11,517.91
59324,2326,11702,21.91,8.8,359.94
59431,2247,10833,-19.06,5.17,133.71
59446,2225,10918,75.65,15.4,1084.26
59456,2221,11056,35.24,11.6,394.76
59462,2243,11136,39.11,8.65,228.95
59478,2215,11247,39.73,14.42,1267.5
59485,2230,11324,17.66,11.15,262.37
59488,2217,11334,11.93,11.92,460.63
59493,2233,11400,27.29,14.64,410.22
59501,2248,11522,10.89,10.95,221.47
59632,2159,10836,21.27,15.55,1135.27
59644,2127,10908,-15.62,11.09,475.3
59658,2109,11018,-22.05,7.59,158.45
59663,2151,11159,-3.81,11.94,332.22
59664,2133,11059,78.46,16.26,1146.35
59673,2144,11246,41.13,17.08,1006.73
59754,2015,11010,5.08,9.4,397.36
59758,2000,11015,51.84,12.8,564.04
59838,1906,10837,14.99,8.11,246.4
59845,1931,10935,30.92,13.75,567.63
59849,1902,10951,-1.13,9.9,143.56
59855,1913,11029,-17.62,7.26,159.33
